54682,22979,94698
50158,90143,94354
26426,45291,69321
208,84532,45110
17925,39334,8614
26248,24477,96124
9780,77312,82988
46223,75141,13297
97386,13967,42527
73722,35267,20909
8651,93483,35973
47050,62582,8673
51338,34904,58946
79058,27966,30162
63285,89675,5419
92436,23475,28661
58109,83556,44597
34954,43291,71881
35789,79024,12315
38795,10340,7375
11878,3092,23737
15328,10126,40259
33594,27018,18103
20666,66961,76283
34444,98931,91452
83564,24977,12938
12387,77852,36074
52553,58841,12711
64349,37150,2
85673,67916,20937
9347,8518,2958
57270,35974,25157
57167,83124,33972
93900,63592,85661
64368,96449,78521
69581,44878,17402
41646,43921,28487
82283,58272,62169
39552,7671,87413
23750,18704,55968
41487,86499,60846
87995,37075,18088
63980,35592,58398
6678,7270,91684
29795,42415,7780
83489,81873,99752
24506,34149,37913
28035,13436,21606
4601,4609,23937
6496,80845,41419
78229,57051,87859
78859,69137,94103
6150,3185,74326
56581,26597,97314
34957,55512,60503
99821,45204,8812
26190,68617,84129
68824,18858,14207
35568,6402,24356
61099,40018,62579
28868,55524,16957
58333,2385,61387
69662,76668,12791
92593,56984,15547
12545,64293,86848
25182,88607,8600
82784,41704,53344
96627,45458,86039
80752,92557,6333
91363,62752,96117
95865,27108,54738
36452,176,14535
6805,50315,41161
96129,13408,5351
17969,34243,47009
19639,66470,34482
88591,62699,9349
35429,90822,58918
21328,43445,1399
83486,89388,44641
11937,28724,37840
39613,81195,85001
65162,94793,38994
74788,15410,33751
36775,55349,11685
3993,69476,72922
16182,19799,77518
90307,56735,86908
87686,12100,71828
15776,91873,13476
49777,24081,63029
64542,98692,14913
93726,6178,27079
72981,75110,53799
89774,70620,65737
50774,8967,41588
3066,332,27173
13072,64173,55314
456,58720,97059
85504,29851,94719
57082,10493,79282
70653,67191,7271
22755,77961,57262
10736,27353,81942
96942,32474,21393
83482,99026,52790
50913,12489,23354
36948,91628,11961
81069,94237,63160
63205,42722,51638
26972,19361,85245
76279,81464,14902
21420,89657,59626
34949,61212,1732
21485,50650,61211
32511,54430,28150
69730,73824,16437
37459,46951,13108
53043,97842,56084
57000,66333,75824
96509,65941,13225
93845,65379,73461
53118,30164,79327
35600,46381,31682
55827,81601,50388
18090,48709,46084
36631,21777,75737
35881,68964,46494
53368,95537,67983
48964,46661,90334
64617,49817,36774
26494,84639,37883
17043,1920,44367
98932,41769,96051
12572,61068,72620
99688,30263,48142
88939,49690,84486
73482,92374,71618
8383,61018,25197
57632,13534,31220
43408,27453,45802
32928,51263,93037
61261,95440,59840
85368,91833,88247
61708,3088,8403
52028,94862,19618
2965,63284,63949
33850,42164,661
86126,46621,1211
46933,25949,93388
41253,76981,9922
31375,48086,91247
69631,69767,78874
29434,24768,56196
48609,82332,58860
93258,85881,43489
43218,26596,82371
9789,75435,51413
2418,5005,55433
12624,24613,64259
88089,20033,50863
26452,83802,24800
51396,30275,40662
39392,92325,17898
5669,71637,54927
77010,12538,60605
55563,68530,12188
48472,24778,57389
32704,38258,90911
26028,90366,41777
14447,55072,49072
36518,4609,67131
81596,36996,77004
43722,3951,6206
23251,91460,11198
65714,39488,58394
83909,63544,86802
10682,39952,8526
29626,68909,49845
33866,75930,77162
78112,45060,12384
54923,66015,2936
41891,3605,54270
46662,91334,89598
76211,81579,55601
34638,64842,7230
80131,60871,13673
69558,55640,7823
59518,85731,58235
25887,58363,27839
45664,435,94159
25495,56917,95000
37741,76712,48776
63562,53322,51482
21941,46891,19430
75576,15055,33704
63397,32352,63142
9453,70746,43028
30667,8984,65868
9395,13420,45439
3110,2975,62687
94286,90535,29676
48596,84342,79132
90848,61511,57512
36628,22707,55287
79568,88650,41525
18738,66523,69953
38859,92249,57837
62724,62075,64381
41067,65086,47366
16486,10011,18356
77936,80500,8268
41821,89738,33760
60793,11865,63433
32970,95897,24180
98915,63536,36678
23244,13755,29317
21602,32440,67762
53902,559,95363
16205,30771,56397
448,55669,35491
33635,49476,45082
14135,44420,262
80406,79040,42801
2430,68278,40845
92388,73302,11307
27572,84831,45084
36812,11171,74370
69834,66735,27340
22739,94120,56719
56885,51320,33965
94292,95750,60187
75845,87264,29308
41013,17258,1714
33748,63742,24839
34086,40994,80519
44157,60797,47092
25614,83563,41698
50588,94154,38156
43390,85798,37645
20830,72657,25960
46949,49592,81136
87574,10837,34829
23999,5438,22572
80015,26816,19933
9115,53735,36348
76191,14870,87838
72522,48349,99852
32818,69738,16200
43000,33859,99861
17740,17952,51164
2307,66336,82289
17122,88592,6612
58393,3467,8451
8558,92995,82247
80625,40453,38406
27260,88994,48758
45236,32788,45457
22881,62019,94597
82812,39665,15913
7678,36756,76456
27414,72608,56904
45954,28985,977
18452,9937,44185
76411,88659,97816
7926,36025,8329
12667,40531,17205
2177,72966,37144
31969,65103,71648
49863,79373,67263
16239,32000,3088
56505,11675,47311
98328,15484,84662
13840,84921,29474
99451,14596,67971
62311,42493,85899
14629,28538,54672
44211,86298,95185
59940,32134,28489
82296,20221,8225
63870,80162,19823
27345,35211,64075
61260,21872,29430
19630,32601,43364
13949,47192,58916
96021,76660,38875
22130,36570,63895
29363,25520,24867
60350,1869,88852
6820,75022,28716
750,43785,42983
8229,90912,46057
47956,25625,82681
6450,43897,5463
12290,49612,6316
92034,65303,24269
20759,36743,96732
6923,39595,47471
24548,73241,85160
91968,34668,40808
43631,34914,99080
81197,99016,72195
7612,84280,6803
3151,40794,32050
36561,27108,69640
38865,98400,53505
53219,82377,23427
67071,29827,37141
48324,11061,74052
88146,99075,12783
78390,5772,88284
15551,43313,10172
72997,28535,43566
41232,54692,44429
86611,60163,67263
76250,36668,86458
65204,92166,76631
98322,53706,22559
42611,70820,16318
58628,12600,20632
89089,94316,87857
80580,33676,53397
72775,82514,17733
2444,48051,51557
4113,44364,98725
11344,90280,6059
6925,78240,96922
95506,67593,90935
21847,3853,57429
75486,67412,81300
79248,57338,46918
8756,1707,67885
70819,20005,45098
18615,69171,22858
11637,36086,73000
96261,31192,63189
82420,70227,91143
41124,35927,15168
78364,78818,55298
76403,91061,22073
64945,45883,61226
27371,32545,31152
55913,4299,66576
97985,1979,75576
75519,67494,37719
97068,17493,94473
16418,57600,60446
35429,11544,97599
62675,94347,85478
44526,85562,12322
167,73369,58923
19970,82257,56134
15484,27460,98984
50610,9336,89344
70826,19655,2754
30603,52208,69501
95100,93844,83798
55766,90474,97885
68724,81212,17089
6687,20600,47894
33211,90891,99857
50258,695,79885
34081,80595,45063
12201,28798,50836
2460,48864,63826
51664,33422,38852
22527,77640,71814
98225,23288,44311
86569,55860,79889
11134,3474,60021
26200,73121,17991
93531,87495,32377
3930,48258,2551
4894,96479,24409
55150,63701,95518
82631,97169,2940
62388,86979,77896
29419,39831,85843
94196,65655,43024
82216,51336,96937
93975,40850,85368
2067,13926,66957
15407,35687,52133
81136,16285,71175
90955,53825,79692
87824,23372,65297
78620,92792,31236
80504,23800,76561
81226,61866,8387
75455,64159,83529
50622,59358,80959
96115,80551,65447
62760,81957,2974
56434,42126,74705
19352,70573,90693
94861,50004,46337
8319,7416,25975
27609,57045,25379
70900,45303,35299
59383,65069,4251
93166,60671,62410
53838,54820,60800
99030,64036,9431
42840,39186,55786
20117,34560,69487
27928,51377,68646
13720,34376,55953
28138,80476,16668
74527,91857,11059
66721,57306,78749
76716,4458,95612
95067,20694,68516
45990,39724,82677
43169,96919,96528
97465,39356,28990
57073,66550,75314
59495,18694,10722
23476,478,67585
52139,50991,4680
35366,93405,70414
45729,50074,29748
9091,46277,67729
82624,14499,51394
85371,43900,69941
59602,90167,19594
27644,82105,16577
78974,79943,99605
72180,32917,12129
71510,43167,84632
5047,20194,42035
47272,15343,74119
61160,83885,44395
47684,61683,24969
953,95870,20493
53686,78506,23869
1806,87703,68651
94776,69242,86539
81319,19587,31207
15325,11287,54334
93292,62739,66159
69364,87096,84814
22477,65345,47631
19828,39433,84864
91581,71514,28
19614,41985,97134
92097,81737,65252
48995,13310,42701
29300,58357,43384
96738,71937,72835
77165,37116,70910
87715,73322,51666
53436,41475,11311
20581,76360,19236
17352,28337,16383
29699,75285,48378
16560,96224,89040
90255,75331,46850
23091,72226,88050
44070,56470,77334
16109,68451,90804
31265,30451,52245
65667,23046,82672
27726,33503,62358
41603,99606,67295
6425,63163,90012
45227,88917,90685
59473,22415,31072
6715,92417,91967
33708,38013,60171
9427,48355,59043
15965,69356,72613
12922,6704,28181
43836,40958,96922
28370,17813,86088
93863,40991,26027
89660,34876,28262
88588,23285,74339
81208,52004,30056
23786,54567,53027
24440,19899,65932
47112,66534,14264
7704,52039,25769
63853,5542,79992
46659,10072,50712
43903,60811,79852
83031,34000,61994
85545,54159,93703
44876,79796,70723
1330,36952,35622
57901,96351,76749
30891,80362,93874
91266,59887,87869
7183,55016,87995
98988,51121,96078
88031,16423,37211
70792,33537,42321
52942,64536,92984
70163,36825,8139
50785,94031,33197
9183,66146,29446
26734,35016,42735
85963,82651,2222
89706,34036,74452
56785,17228,20125
52292,62736,80314
52239,60016,50115
81299,75914,55627
73146,89954,53896
14332,58699,63410
88165,5648,87087
21359,95300,42255
24448,52439,50477
20827,43856,86452
50159,90788,79471
40133,63927,4284
69009,46237,70221
36274,13969,65791
97938,98338,76322
91506,33837,79229
55821,55742,2630
68699,83157,81087
75332,59257,91431
64514,98892,91270
84284,19812,99091
85306,4484,7512
66295,32952,23022
7163,18565,64895
44202,70302,45143
72401,10859,20806
91919,27350,73238
97400,28331,3881
36646,25097,49040
14533,9565,24814
28311,84069,61522
48547,97565,38733
29941,50633,38202
49725,71737,6506
19410,27966,29565
17584,4714,62605
2560,56529,34759
14524,12741,90712
64070,20166,65999
4902,85507,24733
23668,99852,47970
41884,40293,77616
70039,79393,53529
92,72483,53380
96421,56001,32926
99932,58518,86308
24698,40251,66928
1430,24543,76978
23653,509,33449
21029,54485,1252
67000,57074,87296
22299,80909,23771
38147,5838,1685
95640,2940,52876
66514,92507,80113
96669,43408,27083
64566,40021,97686
93305,42215,60726
65097,85415,34344
26783,86592,39029
16616,17910,48900
46749,49748,38140
67782,61196,82713
23276,12470,60875
15598,69982,59525
34658,76216,29384
73792,20385,38757
34486,76396,35563
72319,87532,93559
36096,89465,35531
67914,38710,77912
70339,92690,91067
27135,98388,28356
22077,25450,58281
42234,29617,12945
54971,90546,86547
8141,31699,12061
10667,56572,24362
39118,74815,48214
18912,7353,34268
77119,79141,29494
88015,93303,14141
66633,10256,39976
19597,90518,48541
7952,95688,76536
93331,28866,28388
77805,39380,20600
1319,69735,82840
41342,98526,50209
8021,88727,87433
98156,94156,17113
91276,80858,31212
73709,44168,16705
96021,85550,91238
24333,14581,70745
65816,81545,92473
28463,62742,42136
16011,56186,33934
5557,87112,79527
33294,97149,35137
54022,85359,55090
30304,89384,96407
71922,63662,86508
90558,52184,24102
14655,19123,2857
82349,50402,43838
32143,29019,87281
53994,6594,46352
33224,73890,56694
87782,46748,84155
76762,94769,5565
2585,3413,13703
7977,47424,45155
52360,35971,40077
9255,60960,11072
18642,62245,15825
93800,90102,45701
64444,81356,9585
53470,14067,36216
30689,77843,67387
45458,69019,96510
95193,65046,93513
24107,9997,87715
48671,95755,27078
13059,52508,94251
93063,20869,54042
9799,2522,34032
32132,44708,77858
92740,33310,28674
89871,70481,11963
51663,42416,94109
91834,28513,13721
12722,86577,53077
87971,30179,37851
40778,40505,79891
19069,23127,67361
1991,93649,36357
13931,37151,22895
62423,53701,34319
18448,34103,20591
31781,56173,87816
92491,60464,15705
50247,62858,60713
49717,38776,24709
69871,53273,94485
8348,58917,55622
98728,77506,18383
59836,9106,1703
63638,16854,85261
89785,49872,69086
90514,81862,31408
2356,23415,65452
82885,5150,768
6507,32126,54553
76574,51386,1907
83318,17364,9988
21540,57736,62771
67155,64537,40414
23180,35046,90904
96310,61210,67416
35351,40933,52022
19708,197,15020
32485,10540,11546
35379,97617,73429
86284,73707,46114
99104,19452,1361
43498,21068,64636
90981,38546,57777
4107,86868,49225
91536,50566,46167
60939,72468,57995
72971,94193,73996
3236,86979,28686
11454,46425,5097
37309,38692,34479
80806,76941,28667
12248,42002,93374
52063,80648,2275
12358,30298,55369
15898,84508,72786
67349,3246,21600
90606,10933,32853
24798,35513,45492
73155,28423,19052
78170,1025,93534
81364,28843,66738
6254,98759,81760
16814,44133,44430
9933,63381,28207
3711,69204,75194
67730,95210,45744
39626,44497,37910
51728,33883,43323
9105,41933,24063
67167,9407,31489
2666,45739,42362
74551,42609,62952
1574,4937,69492
16154,22562,49562
94743,77241,63121
18972,11270,75455
77498,23846,80363
3519,61088,35514
31386,51689,96520
87539,10475,47317
54163,34415,87752
36462,21335,64314
29369,51738,68337
26061,69871,81372
29426,1885,93280
11615,8712,68163
24822,15479,11689
12390,27721,50118
68990,29877,6152
18088,90022,71095
24240,12921,84053
787,79120,11970
46730,3216,47935
18101,47036,35768
43625,78622,2998
66449,78514,2864
13568,69963,99459
12212,77052,59082
86050,89576,89626
25702,75766,96561
29208,49500,61423
49895,70544,43938
3625,1604,99990
20731,79291,28401
47063,66746,93720
18691,62764,14719
1512,64502,3762
23563,14932,64732
91712,43749,86523
14835,39793,17232
56986,38559,3022
70527,35626,69535
22255,84139,77807
49702,8817,73487
63723,62748,34835
57392,31606,44601
88225,36694,42326
15121,98346,22245
3978,54275,46658
56911,3154,40373
31140,42240,90143
19080,74958,51056
70681,22219,8113
34428,73570,23220
77742,89867,53083
54518,53140,87118
63840,4459,52882
91986,23691,62205
59371,15599,82230
14350,90406,97221
80581,53747,8848
96526,42123,77448
58332,94176,75089
47182,58372,56328
70217,48335,84883
55337,60106,95051
18986,62456,2174
6051,93117,95749
30730,97070,16782
30207,54397,15415
40602,57520,13932
83447,47366,19345
87227,23559,47635
87258,16832,59246
8721,25470,92412
61442,24615,24656
77779,79042,79978
3634,26395,18868
67813,56384,15982
22035,51571,66607
79617,30616,19955
25794,66856,70053
15376,99223,36646
20056,6119,84384
93173,27870,65282
39742,74809,61884
23961,85316,27104
15946,4753,56840
44170,55779,8220
10919,91427,38257
38337,80280,18819
10349,35803,91477
56524,67963,87001
80150,85535,80743
49924,94832,45066
72148,33370,11944
8011,90006,21759
9753,32707,2430
1279,10405,35804
33784,18358,77855
80640,14093,20491
45553,1217,86900
47725,29650,27058
96126,14894,58551
48695,81660,28533
8251,90932,11434
7045,21274,75838
72003,29033,29773
87119,31186,10337
99694,3595,82631
41737,88346,13884
29960,65179,94344
75389,6239,51722
43078,63597,45241
44248,34528,94790
6455,47919,36812
88370,38121,13132
2161,21684,58218
519,30535,28803
16110,21620,24431
28573,99186,33677
63974,92333,95765
84839,31989,19744
56287,73194,70624
42526,26912,5296
35734,24346,11476
9467,11340,47031
25450,48314,19428
20600,76398,46434
94369,68426,90141
25565,87758,72272
15188,87123,49182
93807,21426,93412
15085,62323,22120
4549,57647,27714
65754,36675,29344
97549,48022,28736
93705,2487,41822
99236,91922,52048
41659,65516,91651
54093,70521,67330
84099,37494,67144
56596,17212,13669
66543,39697,51866
23164,61975,1374
18338,14501,71578
60201,22684,73845
69555,39491,11550
83764,93692,85148
18479,36633,99272
85476,22960,37132
67720,30453,54220
98132,74729,56483
95612,82768,95529
41871,75247,98803
4806,64375,97184
79532,99497,42416
65335,56918,42095
96188,37416,73919
57259,29484,44342
22383,93363,91701
38498,15434,14784
4437,68298,57695
72117,54527,56189
14094,29241,99530
92819,32904,29066
45331,5102,97202
95062,91351,45874
78322,57448,61758
92406,22987,23513
26022,50320,76214
14023,27253,73386
58916,98876,41121
25419,68275,43298
8105,57027,78825
61092,43589,66004
3247,86640,28646
52325,48375,46470
62548,40650,5861
8728,47611,93118
16478,86137,96535
18312,60197,18827
42786,60006,44331
35231,94933,38942
44320,27553,54607
70953,92193,17990
32348,52365,59202
10483,67860,29069
49552,45511,81905
33260,35708,50494
15612,13289,60068
93577,59883,90210
24381,65399,67400
96136,87900,23954
6761,78391,97912
31112,60736,24384
78527,8307,84362
29315,82115,96310
73071,2790,11646
60977,75018,11497
74254,43006,8143
23078,29358,63609
92696,14636,33024
51112,27568,61926
17853,19314,15793
72424,41643,92532
91116,92460,89589
90230,35259,66047
51880,50598,21828
24255,76699,39364
27129,41881,29593
6190,95194,9640
53473,66825,53135
56217,73625,40301
54918,86827,53747
82524,69770,29957
39948,22033,29374
76578,22903,29037
60581,79605,19071
1316,15921,50834
51260,22576,40966
99018,18244,76018
80053,86802,51447
2383,72047,27224
55198,77736,25499
55222,82368,18663
91222,77392,2589
54789,34171,45445
94098,35399,52059
18193,56463,51192
94296,43289,17029
71625,80943,39546
81993,90159,45972
89809,25988,18158
66248,62906,48887
73034,73447,93880
58872,79498,27527
27835,83650,58242
577,1931,99890
85113,22065,59882
63949,81336,7209
85068,81079,52469
20449,19809,86344
79074,16343,97127
74418,90084,34531
30306,52052,29216
56552,95289,78577
78440,1219,80665
77574,70683,26799
50921,88216,31782
92888,61836,22790
25771,986,61889
74661,29276,39093
93367,8135,48314
73658,49457,51028
11952,58885,91638
1217,62134,11367
53911,85583,63156
85274,18725,74781
59836,97143,30718
4179,3432,17888
90459,2841,73441
36996,48608,66111
22851,64712,18975
46831,89395,56120
41489,83919,57809
63321,55491,47240
81900,544,76510
45342,43322,173
84355,80722,48344
52803,2075,12065
40562,64150,68776
97785,26826,76768
90180,49911,18101
5217,45050,89713
37796,16839,87331
76509,53176,19739
84095,40620,24748
22281,16525,52985
15732,61703,89409
70006,2117,91919
31457,81917,47444
31591,96172,70178
30181,97956,82461
42337,36780,81579
21947,18639,81298
24301,90105,3099
9866,50874,50947
73893,96643,94475
19638,74945,32455
86453,18042,70801
37324,80399,92147
60552,97429,86908
30054,79319,3017
84574,39525,88698
51008,52906,24299
57982,75313,21836
4573,92241,96973
72455,83854,10434
86163,44261,47726
19385,52656,26047
81360,37787,30939
