37469163524326226953256827584481348656952521213225543395422578285
932217547588
9636648851337685385811461355423113167911745786249932513858473818927228426761847512176213
639582583616245585255721992372922738821497997
61142871847299137244
77235288674323858137847493562777
9289745647736653596796687545316628946799284824646578881273188561616462469944
686642711724837447455319728792648454627651956113295882524975627916
767581829718848
614756877363258482964292261184688537639
58888686323265828538532434971247175576261619592465299437775846315845668646756539
6725313432752965926533719318122554665
38521549764132615225319548979241726224298624768443283458
34346268535844481141662664161271833515639556591115454957739456221262946
7689587369282357931671621193189762199363932594896527
38684447191953388528621983724729314797931365715624716875539367218493416113781845967512
25729738438287888176397621447496588188778826573594792574329713965654798323197
1596742692769834395296136628668413731993422789938635913686264
69959977623334246363967294479345869186834155826829921465436454374377
39692174816276858769155848177359567
951752944561573378787797288136377367581969529577198831195313869692349415462
448654757913443181752
839143665971977584591331
37197335111796485688545336675983282985435559
5595944348642714227356315429253614453196713496332994862751557749873231764471657611121667552823826
27254969832642737215465492764227455533915253875353478278875497287382183794
38111477132388
85358955731242259963163858177689891426155542671247299132545694314913662841996
65756263924166681192378323185472675538479494122942
24794139321261636561912
28447879611346938218132862537519593729885846562317671546379315937778173882272686
796783811434725826336382484414397237943499253148583421767225532579769
21324112553236164428642213944421624817686651
5521381442334584379964153222646336949273283184954641676879
59732957381329839523535947761868765746352219897724546168833472498649617869147
68512633836865564793478294765572288389314832491282613482574
332965977335464127977957794534348312773637194747317565737763956439869984
811388173325474719474834184516977281827
83841131956938367688761661671258947316537354337289146494653331277343958415773831926637454667665
52842633784218833343339318166256462846845527597623917526984482
226827584872174337647227278498885683
925529989179343449257693391188362161
47331551854788271889426351965671331855247871568295258621749515954585269949389917129614
192522953171493866774884246421981764751688167518
85611558719262292452113444914285217624143488193467546341884
9945441596592957689963635698752244859759564449922423767286648185115193881226623462817122744
23388987546287311914787149876252728161526663754867968317596242518797399934858618713481724628
95973655571445371912875998311572278562387897994
2851858419927682215728648442946172376486613619953233857641714117492617347
15327332267834642381958156541736859488592364663595466123415434295
2151331854317654574652237944487476854744273199913861747856
982569258845773792326154256174888381479833385987358172759412871661735163457114241663324
27122918531552283182294935799636991779848884965972658396883275328193886781338718872
7618132453316524118191391771295231269314929676138
642278473513755712481987127295112811793821827121846
541386462565597291943452262638972545736662189725748194661
527155278296586787854828958395715587995882279368181274221267
171435194792857755599822559118349437585188169553
684518432835941499258994738496371673478993827688293789412828257563492997
62129197653279
75355779282866948889969411423654793439
3164627326267645338631163898137147187626525115328683518386828554855423145842635316718639132
632756671313634185633893463585447458928631461644738924444341425293469979395816777163284419939112
4971128161837328686188667
32435348473158919963774148238683532214
46346775477148597929726624
87137494639137
2589989662628338887375481146236592494
157429391689191
112952794678787323156984415537367539741837586187259132768833671378541932292327
512647967132215528359741989
21371288186882
7917118538846644947453571374725132967294474311738428973451973983872768196678561
6952727696118255588812
53619394233449981258
751881933925199131518279777947547847163974178784121835536162718727815125447534567298446744723262
82542876393771154495662995437612619775337321898927264149248284615371524392128952581884992
2598125543965466462529876429862398151593953763398666277668249943533133652892395948956929
62487526244734262533761137549841371764423328971699763671122337324925198445925717835145459785
6436385884795984155178225736523793141482493867415687768576429115
27158428278729
138145244887813789134412387
26155436935226584991392464586146319656238254939224763261897384648714747162357879662969379
96466389494698822967214971922273728916132935663266278619594914128
856784647149232921431714452858175543581614937174744219719779419393869416
81426998288563634391555187
99664479388886266672519592978668283636948738
17339474883791568826
28887765674278958483661438891941524534151912512389182294746273237523
85213563844486843
68378763723464228337769185214432169241419155791499169744951399777715914981842779656666454361
242947441599388996945437771368183465138577239885257113512945975125149991596766878873481
82739144262888151456822896522593251889634222992714668
46331256811299734185123
691249115552479667696744538612661993262233271137
75879659823178855813613681363898276986745968681
537755185335278363474813476594246518166626
74877211656685176589515544532958635248
8261272432259512322996452838413462263211736956595
358613252934195534
37386384675699455581949567488846292627684
361271616996218829615348446283381348834428
24546464797549848971341185459318871211564879514973155164458128732643292182239798878757746758924
8517363856727946436263766381799687444268283515987171797434498943166911213675925214284
85449295378589388949886161562324956892516793631166864
6364519387693711666587289516995227233458937974641679293366358645212872746144773237844881696495
956874995642848875477332762296692111388337187647714277368559615177654439688973376359
688254617993222688383452477297381422555323269629
4121735592664249424156518888434
2398786582491882522441974143529757365366547469
97475839811383644599488784368361699685159382946948515
88836659153677327853232
64615322545557362172511711995376632439528856998226914422655941
3537429452265352482285189662546669567826637332676897834626496712972945
384628169839137933411351357442369471824427812378422555488886479449688543172
78634463656654958227442566679267514327
48389285979319837661251219238214398195569923314258748591713472323786566939135
6862242543442282949458871627639154771971832687513992771674471976546888
2991351593778511979952158922428331824235759847249144836774961
5768451737378635494229122317441298936436
484645154185984828861112525921795392242126954641877773589531857453297745
639325782535888739183224135552789561648934165967432
637311234174832613496663428854218618568981697141529825669414594737375876666491573433939332
5844567214474132794857535271577451583212468768
5947817437969463631124749348217318399
7251829387376794646393459668359127215985372557454562421264483599954524654346583215846133
212569344744656544412482362849941465247668456511199631192845752215219852552961665
98489799348449
751414311745452898232774673911261379
98145243837493497628594119613412578755349669841797719725196167473869554498588395
3561484659588875399374855225832242984633782218529257258917512868268427278757598
47885897892173619676437459496569623415753896411197315189847277148929186222
765259483876779444635884159278659187671125
639392433145427991787839
428383112975518586
6888569252755618123281566116254239675217524521299587678391284155
1782328541399816191668122459113171948829565252968339212849921689193995876378482875553525616212
773889636138
6572551912316139358686512669235518281792
975953375647125725117316826682638834224514762913884922
48399336118273829877182684473154697981595647121521639326572626498114295836421667747575378477749
194975644543992
4933257546425974516784749898945786349746344355529243856898129268414824137
24845436492253933289571535168257822939876142299
3634488379137665276565176699594729142459676931835497755481287733713
57654111251498662558285728217455756459652969158473279533745924774648548274951816895285582279736
24337123455915499438383866296
269175121186862559987557832196476984485227442375244216747447375627247695213
2556952418318569721886616157284833627341524543623
5278991968856553654727535233927399268856961472399365253735819475736135137375569862951
786732977957381757144178861893342924648762469485148
969164519581978319222847277643887142383951982395111775733412433296864
42847564119278351931599115234344838676288898
64245972798297895297392389326
927529526891322316789217254995648388686794478147281669
5819524254343877118268121754273144464812961233148796691525424441734
68895385784919396831138427258633491137
1663171926947219231143688839628865911653368532493236532963892388948646164674656566168
69243963975727137777573436578744344848594
32334383216719173727144946548982158719
9755724129196778695279139736397373845968396556248591182423913694327356953383386269626412899495122337
754267795494526499889
2736355648519719623866879169539496775766733238621628817973171491437614711193
658748249512656364397844327734339975579538588822363776181927999259585669716654
8238322187619122682261191557726388887867589985813843962247399837363986421618348617169825991739
47362229513798448529387171966882955962167246788914264854
41498173546383371948189528537897517411982621477176392324764812162311711446795778
287672682555432552522678994218481437233147237758438336867237778184259585243747983935282886
1358683294158181841278555228597926883128374
93322968321528166655514454299684357779888684585974387719178242819153412237385565783898777268679
681335261976727249625847687419717193488413124337619565575185525
75443417315819385447215325813432869241549784867883876578333912987913416323865628771763727732877565
872591842515712638725778544322214112261536725595711677582935828546777
77162888871243497635832733
7758997474251182494163
48851157768437186216913
51783233686841556479961452288254
4777991841848247653695241214373653472378926634192844338688839682193658597425256763962463348
38349534564751258971423728778262237315487429699195369621918877429768
4543318147989173899735899651472762674648144536649554944776553977464459329265213864496145853
694744772183968525998498425321658561858851856344872442934481
718428157763354558
614129567585265929821486121473486789986659713
31327968611529976
9549775331492554618612818193745898965
36444935987242599184234498361384468869
42657927945625651934522618637868253937577866387289565314191918896531292515883479128824113577141759
492117796289119489262587759453529759734775231619166349667544253622947958743883
91397992234514275643156253536993593394253664143818861353271655795684657524144983856311322132
6311123237898648565995475876462317881424665997829259154
411618856183554373161613911891545666656381275756891262297634654251228554
537869633582853979118282668463398625613444996428335961956398692643152368319651244874746239156
3973181821156134532245137249145627528845583385821613674842
364399136886
71643735157245999676976298
45333989364754667461571659317555748126274771365613618229856
24111945535711668737229792712762543517792561859792
451486789245552583814788846674388722
4517358837162324629951118745474126854232245646139461842554376449336716941133355278971
6525822262851567116299782626726651275398274774229719746